training:
  training_mode: cv
  cv:
    folds: 5
    MAE_mean: 0.10454275856432657
    MAE_std: 0.003602580152923258
    RMSE_mean: 0.19065935936254244
    RMSE_std: 0.03504656104935276
    R2_mean: 0.7517003784800222
    R2_std: 0.10622332020617038
  model_path: models/model.joblib
  coefficients_path: models/coefficients.csv
test:
  MAE: 15237.349443456313
  RMSE: 22495.784037140584
  R2: 0.9274787188618187
