training_mode: cv
cv:
  folds: 5
  MAE_mean: 2.0717220200075297
  MAE_std: 0.20274549493410826
  RMSE_mean: 2.930863126728567
  RMSE_std: 0.26036673675926764
  R2_mean: 0.9131559976614598
  R2_std: 0.022706669069280188
model_path: models/model.joblib
coefficients_path: models/coefficients.csv
